预测结果
25.84156153242183
26.036744541256724
34.50601837174681
24.89553186898921
28.42598707404911
30.561382369465484
8.586942617298451
30.721856199164662
20.556785743266126
28.64682345554634
12.6121490205621
25.264346501512996
16.773696216235944
29.680193790692645
21.822996831658735
29.248340354750965
20.395026255494372
33.38385417298575
26.67772934422434
29.95149497991337
18.938203090547194
34.50905162659705
35.48745147625489
14.894058228551243
28.45593435273225
25.63054630534323
21.02578032830289
16.179038576080185
28.696051424593087
24.092563783593057
13.390258381668279
23.44947094009198
20.799447622396706
31.893022309828044
12.28040098980734
36.22266954978727
10.86366470424028
24.365420675205534
11.440898575871842
7.136725882457622
12.857318103766788
27.5611805493242
34.729591558815486
26.385894259109303
11.989754206695032
9.797805399323936
17.608525202139305
31.37733686515982
24.351625540180176
30.20405731581059
11.901512574600575
26.51654158963125
23.122311539208447
35.13560229812444
28.260037174240495
17.783886379326614
20.27391900103742
22.7056067487159
22.711783358434477
25.998955258020345
8.484827561876767
22.69686892528605
25.762299674204453
23.347947041511038
29.95814981087041
28.72694968120716
25.734737031099087
29.428724739344254
21.7384353097557
10.072361841038406
22.7541740111582
13.265923315462055
26.783658075113333
27.95681744394623
24.16456203741591
24.063693265055925
14.015524997778256
14.858752523297257
25.75943981260277
